frame_id: cam_left
x: 0.014230
y: 0.053130
z: 0.060000
rot_x: -90.91
rot_y: -7.16
rot_z: -17.22
