frame_id: cam_mid_left
x: 0.000000
y: 0.687500
z: 1.400000
yaw: -0.336065
pitch: 0.895862
roll: -134.813428
tf_data: [0.968821,-0.005683,-0.015635,0.000000,0.002949,-0.609147,-0.697983,0.000000,-0.008565,0.801062,-0.693452,0.000000,0.000000,0.687500,1.400000,1.000000 ]