frame_id: cam_back_right
x: -0.905000
y: -0.492500
z: 0.728000
yaw: 42.761062
pitch: -1.727777
roll: -139.965715
tf_data: [0.722253,0.667902,0.030151,0.000000,0.490657,-0.463123,-0.634656,0.000000,-0.406881,0.559870,-0.755435,0.000000,-0.905000,-0.492500,0.728000,1.000000 ]