frame_id: cam_back_left
x: -0.905000
y: 0.492500
z: 0.724000
yaw: 132.374580
pitch: 0.891909
roll: -141.984784
tf_data: [-0.687776,0.753883,-0.015566,0.000000,0.486427,0.413770,-0.606557,0.000000,-0.415229,-0.484135,-0.775933,0.000000,-0.905000,0.492500,0.724000,1.000000 ]
