frame_id: cam_center
x: 0.055000
y: 0.000000
z: 0.060000
rot_x: -90.000000
rot_y: 0.000000
rot_z: -93.340000
