frame_id: cam_front_left
x: 0.905000
y: 0.492500
z: 0.722000
yaw: -134.936699
pitch: -0.400308
roll: -140.695591
tf_data: [-0.690508,-0.692036,0.006987,0.000000,-0.473116,0.518589,-0.631460,0.000000,0.444190,-0.531595,-0.771372,0.000000,0.905000,0.492500,0.722000,1.000000 ]