frame_id: cam_front_right
x: 0.905000
y: -0.492500
z: 0.725000
yaw: -46.881413
pitch: 1.871156
roll: -139.888192
tf_data: [0.702693,-0.750426,-0.032652,0.000000,-0.501005,-0.426736,-0.646851,0.000000,0.420380,0.534048,-0.767839,0.000000,0.905000,-0.492500,0.725000,1.000000 ]