frame_id: cam_mid_right
x: 0.000000
y: -0.687500
z: 1.400000
yaw: 179.622873
pitch: 2.388628
roll: -137.194286
tf_data: [-0.985139,0.006484,-0.041677,0.000000,0.018126,0.616850,-0.671961,0.000000,0.051149,-0.725313,-0.725507,0.000000,0.000000,-0.687500,1.400000,1.000000 ]